Time Series Analysis Output for  U.S. / Euro Foreign Exchange Rate 

Regression Analysis:

Call:
lm(formula = lseries ~ t + t2)

Residuals:
      Min        1Q    Median        3Q       Max 
-0.205683 -0.053829 -0.001058  0.050738  0.308701 

Coefficients:
              Estimate Std. Error t value Pr(>|t|)    
(Intercept) -1.172e+04  3.957e+02  -29.62   <2e-16 ***
t            1.165e+01  3.944e-01   29.54   <2e-16 ***
t2          -2.896e-03  9.830e-05  -29.46   <2e-16 ***
---
Signif. codes:  0 '***' 0.001 '**' 0.01 '*' 0.05 '.' 0.1 ' ' 1 

Residual standard error: 0.08991 on 3594 degrees of freedom
Multiple R-squared: 0.6977,	Adjusted R-squared: 0.6976 
F-statistic:  4148 on 2 and 3594 DF,  p-value: < 2.2e-16 


ARIMA Analysis:
Series: log(as.ts(tSeries)) 
ARIMA(0,1,0)                    

sigma^2 estimated as 4.224e-05:  log likelihood=13007.24
AIC=-26012.47   AICc=-26012.47   BIC=-26006.28

Training set error measures:
           ME          RMSE           MAE           MPE          MAPE 
 2.809675e-05  6.498283e-03  4.858562e-03 -1.991231e+00  7.038080e+00 
         MASE 
 9.997315e-01 
           ME          RMSE           MAE           MPE          MAPE 
 2.809675e-05  6.498283e-03  4.858562e-03 -1.991231e+00  7.038080e+00 
         MASE 
 9.997315e-01 

Forecast Result (Complex):

Forecast method: ARIMA(0,1,0)                   

Model Information:
Series: log(as.ts(tSeries)) 
ARIMA(0,1,0)                    

sigma^2 estimated as 4.224e-05:  log likelihood=13007.24
AIC=-26012.47   AICc=-26012.47   BIC=-26006.28

Training set error measures:
           ME          RMSE           MAE           MPE          MAPE 
 2.809675e-05  6.498283e-03  4.858562e-03 -1.991231e+00  7.038080e+00 
         MASE 
 9.997315e-01 

Forecasts:
     Point Forecast     Lo 80     Hi 80     Lo 95     Hi 95
3598      0.2674283 0.2590993 0.2757574 0.2546902 0.2801665
3599      0.2674283 0.2556493 0.2792074 0.2494139 0.2854428
3600      0.2674283 0.2530020 0.2818547 0.2453652 0.2894915
3601      0.2674283 0.2507703 0.2840864 0.2419520 0.2929047
3602      0.2674283 0.2488040 0.2860526 0.2389449 0.2959118
3603      0.2674283 0.2470264 0.2878302 0.2362263 0.2986304
3604      0.2674283 0.2453918 0.2894649 0.2337263 0.3011304
3605      0.2674283 0.2438703 0.2909864 0.2313994 0.3034573
3606      0.2674283 0.2424412 0.2924155 0.2292138 0.3056429
3607      0.2674283 0.2410896 0.2937671 0.2271467 0.3077100
3608      0.2674283 0.2398040 0.2950526 0.2251806 0.3096761
3609      0.2674283 0.2385757 0.2962810 0.2233020 0.3115547
3610      0.2674283 0.2373976 0.2974591 0.2215002 0.3133565
3611      0.2674283 0.2362639 0.2985928 0.2197665 0.3150902
3612      0.2674283 0.2351701 0.2996866 0.2180936 0.3167631
3613      0.2674283 0.2341122 0.3007445 0.2164757 0.3183810
3614      0.2674283 0.2330868 0.3017699 0.2149075 0.3199492
3615      0.2674283 0.2320912 0.3027655 0.2133849 0.3214718
3616      0.2674283 0.2311229 0.3037338 0.2119039 0.3229527
3617      0.2674283 0.2301797 0.3046769 0.2104615 0.3243952
3618      0.2674283 0.2292599 0.3055968 0.2090547 0.3258020
3619      0.2674283 0.2283617 0.3064950 0.2076810 0.3271757
3620      0.2674283 0.2274837 0.3073730 0.2063382 0.3285185
3621      0.2674283 0.2266245 0.3082321 0.2050243 0.3298324
3622      0.2674283 0.2257831 0.3090736 0.2037375 0.3311192
3623      0.2674283 0.2249584 0.3098983 0.2024762 0.3323805
3624      0.2674283 0.2241494 0.3107073 0.2012389 0.3336178
3625      0.2674283 0.2233552 0.3115015 0.2000243 0.3348324
3626      0.2674283 0.2225751 0.3122816 0.1988312 0.3360255
3627      0.2674283 0.2218083 0.3130484 0.1976585 0.3371982
3628      0.2674283 0.2210542 0.3138025 0.1965052 0.3383515
3629      0.2674283 0.2203122 0.3145445 0.1953704 0.3394863
3630      0.2674283 0.2195816 0.3152750 0.1942531 0.3406036
3631      0.2674283 0.2188621 0.3159946 0.1931527 0.3417040
3632      0.2674283 0.2181531 0.3167036 0.1920683 0.3427884
3633      0.2674283 0.2174541 0.3174026 0.1909993 0.3438574
3634      0.2674283 0.2167648 0.3180919 0.1899451 0.3449116
3635      0.2674283 0.2160847 0.3187720 0.1889050 0.3459517
3636      0.2674283 0.2154135 0.3194432 0.1878785 0.3469782
3637      0.2674283 0.2147509 0.3201058 0.1868651 0.3479916
3638      0.2674283 0.2140965 0.3207602 0.1858643 0.3489924
3639      0.2674283 0.2134500 0.3214067 0.1848756 0.3499811
3640      0.2674283 0.2128112 0.3220455 0.1838986 0.3509581
3641      0.2674283 0.2121797 0.3226770 0.1829329 0.3519238
3642      0.2674283 0.2115554 0.3233013 0.1819781 0.3528786
3643      0.2674283 0.2109380 0.3239187 0.1810339 0.3538228
3644      0.2674283 0.2103273 0.3245294 0.1800999 0.3547568
3645      0.2674283 0.2097231 0.3251336 0.1791757 0.3556810
3646      0.2674283 0.2091251 0.3257316 0.1782612 0.3565955
3647      0.2674283 0.2085331 0.3263236 0.1773559 0.3575008
3648      0.2674283 0.2079471 0.3269096 0.1764596 0.3583971
3649      0.2674283 0.2073668 0.3274899 0.1755721 0.3592846
3650      0.2674283 0.2067920 0.3280647 0.1746931 0.3601636
3651      0.2674283 0.2062226 0.3286340 0.1738223 0.3610344
3652      0.2674283 0.2056585 0.3291982 0.1729596 0.3618971
3653      0.2674283 0.2050995 0.3297572 0.1721046 0.3627521
3654      0.2674283 0.2045455 0.3303112 0.1712573 0.3635994
3655      0.2674283 0.2039963 0.3308604 0.1704173 0.3644394
3656      0.2674283 0.2034518 0.3314049 0.1695846 0.3652721
3657      0.2674283 0.2029119 0.3319448 0.1687589 0.3660978
3658      0.2674283 0.2023765 0.3324802 0.1679401 0.3669166
3659      0.2674283 0.2018454 0.3330113 0.1671279 0.3677288
3660      0.2674283 0.2013186 0.3335381 0.1663223 0.3685344
3661      0.2674283 0.2007960 0.3340607 0.1655230 0.3693337
3662      0.2674283 0.2002775 0.3345792 0.1647299 0.3701267
3663      0.2674283 0.1997629 0.3350938 0.1639430 0.3709137
3664      0.2674283 0.1992522 0.3356045 0.1631619 0.3716948
3665      0.2674283 0.1987453 0.3361114 0.1623867 0.3724700
3666      0.2674283 0.1982421 0.3366146 0.1616172 0.3732395
3667      0.2674283 0.1977426 0.3371141 0.1608532 0.3740035
3668      0.2674283 0.1972466 0.3376101 0.1600946 0.3747621
3669      0.2674283 0.1967541 0.3381026 0.1593414 0.3755153
3670      0.2674283 0.1962650 0.3385917 0.1585934 0.3762633
3671      0.2674283 0.1957792 0.3390775 0.1578505 0.3770062
3672      0.2674283 0.1952967 0.3395600 0.1571126 0.3777441
3673      0.2674283 0.1948174 0.3400392 0.1563796 0.3784771
3674      0.2674283 0.1943413 0.3405154 0.1556514 0.3792053
3675      0.2674283 0.1938682 0.3409884 0.1549279 0.3799288
3676      0.2674283 0.1933982 0.3414585 0.1542090 0.3806477
3677      0.2674283 0.1929311 0.3419256 0.1534947 0.3813620
3678      0.2674283 0.1924670 0.3423897 0.1527848 0.3820719
3679      0.2674283 0.1920057 0.3428510 0.1520793 0.3827774
3680      0.2674283 0.1915472 0.3433095 0.1513781 0.3834786
3681      0.2674283 0.1910914 0.3437653 0.1506811 0.3841756
3682      0.2674283 0.1906384 0.3442183 0.1499882 0.3848685
3683      0.2674283 0.1901880 0.3446687 0.1492994 0.3855573
3684      0.2674283 0.1897402 0.3451165 0.1486146 0.3862421
3685      0.2674283 0.1892950 0.3455617 0.1479337 0.3869230
3686      0.2674283 0.1888523 0.3460044 0.1472567 0.3876000
3687      0.2674283 0.1884121 0.3464446 0.1465835 0.3882732
3688      0.2674283 0.1879744 0.3468823 0.1459140 0.3889427
3689      0.2674283 0.1875390 0.3473177 0.1452481 0.3896086
3690      0.2674283 0.1871060 0.3477507 0.1445859 0.3902708
3691      0.2674283 0.1866753 0.3481814 0.1439272 0.3909295
3692      0.2674283 0.1862469 0.3486098 0.1432720 0.3915847
3693      0.2674283 0.1858207 0.3490359 0.1426203 0.3922364
3694      0.2674283 0.1853968 0.3494599 0.1419719 0.3928848
3695      0.2674283 0.1849750 0.3498816 0.1413269 0.3935298
3696      0.2674283 0.1845554 0.3503013 0.1406852 0.3941715
3697      0.2674283 0.1841379 0.3507188 0.1400466 0.3948100
     Point Forecast     Lo 80     Hi 80     Lo 95     Hi 95
3598      0.2674283 0.2590993 0.2757574 0.2546902 0.2801665
3599      0.2674283 0.2556493 0.2792074 0.2494139 0.2854428
3600      0.2674283 0.2530020 0.2818547 0.2453652 0.2894915
3601      0.2674283 0.2507703 0.2840864 0.2419520 0.2929047
3602      0.2674283 0.2488040 0.2860526 0.2389449 0.2959118
3603      0.2674283 0.2470264 0.2878302 0.2362263 0.2986304
3604      0.2674283 0.2453918 0.2894649 0.2337263 0.3011304
3605      0.2674283 0.2438703 0.2909864 0.2313994 0.3034573
3606      0.2674283 0.2424412 0.2924155 0.2292138 0.3056429
3607      0.2674283 0.2410896 0.2937671 0.2271467 0.3077100
3608      0.2674283 0.2398040 0.2950526 0.2251806 0.3096761
3609      0.2674283 0.2385757 0.2962810 0.2233020 0.3115547
3610      0.2674283 0.2373976 0.2974591 0.2215002 0.3133565
3611      0.2674283 0.2362639 0.2985928 0.2197665 0.3150902
3612      0.2674283 0.2351701 0.2996866 0.2180936 0.3167631
3613      0.2674283 0.2341122 0.3007445 0.2164757 0.3183810
3614      0.2674283 0.2330868 0.3017699 0.2149075 0.3199492
3615      0.2674283 0.2320912 0.3027655 0.2133849 0.3214718
3616      0.2674283 0.2311229 0.3037338 0.2119039 0.3229527
3617      0.2674283 0.2301797 0.3046769 0.2104615 0.3243952
3618      0.2674283 0.2292599 0.3055968 0.2090547 0.3258020
3619      0.2674283 0.2283617 0.3064950 0.2076810 0.3271757
3620      0.2674283 0.2274837 0.3073730 0.2063382 0.3285185
3621      0.2674283 0.2266245 0.3082321 0.2050243 0.3298324
3622      0.2674283 0.2257831 0.3090736 0.2037375 0.3311192
3623      0.2674283 0.2249584 0.3098983 0.2024762 0.3323805
3624      0.2674283 0.2241494 0.3107073 0.2012389 0.3336178
3625      0.2674283 0.2233552 0.3115015 0.2000243 0.3348324
3626      0.2674283 0.2225751 0.3122816 0.1988312 0.3360255
3627      0.2674283 0.2218083 0.3130484 0.1976585 0.3371982
3628      0.2674283 0.2210542 0.3138025 0.1965052 0.3383515
3629      0.2674283 0.2203122 0.3145445 0.1953704 0.3394863
3630      0.2674283 0.2195816 0.3152750 0.1942531 0.3406036
3631      0.2674283 0.2188621 0.3159946 0.1931527 0.3417040
3632      0.2674283 0.2181531 0.3167036 0.1920683 0.3427884
3633      0.2674283 0.2174541 0.3174026 0.1909993 0.3438574
3634      0.2674283 0.2167648 0.3180919 0.1899451 0.3449116
3635      0.2674283 0.2160847 0.3187720 0.1889050 0.3459517
3636      0.2674283 0.2154135 0.3194432 0.1878785 0.3469782
3637      0.2674283 0.2147509 0.3201058 0.1868651 0.3479916
3638      0.2674283 0.2140965 0.3207602 0.1858643 0.3489924
3639      0.2674283 0.2134500 0.3214067 0.1848756 0.3499811
3640      0.2674283 0.2128112 0.3220455 0.1838986 0.3509581
3641      0.2674283 0.2121797 0.3226770 0.1829329 0.3519238
3642      0.2674283 0.2115554 0.3233013 0.1819781 0.3528786
3643      0.2674283 0.2109380 0.3239187 0.1810339 0.3538228
3644      0.2674283 0.2103273 0.3245294 0.1800999 0.3547568
3645      0.2674283 0.2097231 0.3251336 0.1791757 0.3556810
3646      0.2674283 0.2091251 0.3257316 0.1782612 0.3565955
3647      0.2674283 0.2085331 0.3263236 0.1773559 0.3575008
3648      0.2674283 0.2079471 0.3269096 0.1764596 0.3583971
3649      0.2674283 0.2073668 0.3274899 0.1755721 0.3592846
3650      0.2674283 0.2067920 0.3280647 0.1746931 0.3601636
3651      0.2674283 0.2062226 0.3286340 0.1738223 0.3610344
3652      0.2674283 0.2056585 0.3291982 0.1729596 0.3618971
3653      0.2674283 0.2050995 0.3297572 0.1721046 0.3627521
3654      0.2674283 0.2045455 0.3303112 0.1712573 0.3635994
3655      0.2674283 0.2039963 0.3308604 0.1704173 0.3644394
3656      0.2674283 0.2034518 0.3314049 0.1695846 0.3652721
3657      0.2674283 0.2029119 0.3319448 0.1687589 0.3660978
3658      0.2674283 0.2023765 0.3324802 0.1679401 0.3669166
3659      0.2674283 0.2018454 0.3330113 0.1671279 0.3677288
3660      0.2674283 0.2013186 0.3335381 0.1663223 0.3685344
3661      0.2674283 0.2007960 0.3340607 0.1655230 0.3693337
3662      0.2674283 0.2002775 0.3345792 0.1647299 0.3701267
3663      0.2674283 0.1997629 0.3350938 0.1639430 0.3709137
3664      0.2674283 0.1992522 0.3356045 0.1631619 0.3716948
3665      0.2674283 0.1987453 0.3361114 0.1623867 0.3724700
3666      0.2674283 0.1982421 0.3366146 0.1616172 0.3732395
3667      0.2674283 0.1977426 0.3371141 0.1608532 0.3740035
3668      0.2674283 0.1972466 0.3376101 0.1600946 0.3747621
3669      0.2674283 0.1967541 0.3381026 0.1593414 0.3755153
3670      0.2674283 0.1962650 0.3385917 0.1585934 0.3762633
3671      0.2674283 0.1957792 0.3390775 0.1578505 0.3770062
3672      0.2674283 0.1952967 0.3395600 0.1571126 0.3777441
3673      0.2674283 0.1948174 0.3400392 0.1563796 0.3784771
3674      0.2674283 0.1943413 0.3405154 0.1556514 0.3792053
3675      0.2674283 0.1938682 0.3409884 0.1549279 0.3799288
3676      0.2674283 0.1933982 0.3414585 0.1542090 0.3806477
3677      0.2674283 0.1929311 0.3419256 0.1534947 0.3813620
3678      0.2674283 0.1924670 0.3423897 0.1527848 0.3820719
3679      0.2674283 0.1920057 0.3428510 0.1520793 0.3827774
3680      0.2674283 0.1915472 0.3433095 0.1513781 0.3834786
3681      0.2674283 0.1910914 0.3437653 0.1506811 0.3841756
3682      0.2674283 0.1906384 0.3442183 0.1499882 0.3848685
3683      0.2674283 0.1901880 0.3446687 0.1492994 0.3855573
3684      0.2674283 0.1897402 0.3451165 0.1486146 0.3862421
3685      0.2674283 0.1892950 0.3455617 0.1479337 0.3869230
3686      0.2674283 0.1888523 0.3460044 0.1472567 0.3876000
3687      0.2674283 0.1884121 0.3464446 0.1465835 0.3882732
3688      0.2674283 0.1879744 0.3468823 0.1459140 0.3889427
3689      0.2674283 0.1875390 0.3473177 0.1452481 0.3896086
3690      0.2674283 0.1871060 0.3477507 0.1445859 0.3902708
3691      0.2674283 0.1866753 0.3481814 0.1439272 0.3909295
3692      0.2674283 0.1862469 0.3486098 0.1432720 0.3915847
3693      0.2674283 0.1858207 0.3490359 0.1426203 0.3922364
3694      0.2674283 0.1853968 0.3494599 0.1419719 0.3928848
3695      0.2674283 0.1849750 0.3498816 0.1413269 0.3935298
3696      0.2674283 0.1845554 0.3503013 0.1406852 0.3941715
3697      0.2674283 0.1841379 0.3507188 0.1400466 0.3948100
