Time Series Analysis Output for  4-Week Moving Average of Initial Claims 

Regression Analysis:

Call:
lm(formula = lseries ~ t + t2)

Residuals:
     Min       1Q   Median       3Q      Max 
-0.42977 -0.15909 -0.00836  0.12097  0.63605 

Coefficients:
              Estimate Std. Error t value Pr(>|t|)    
(Intercept) -1.820e+03  1.053e+02  -17.28   <2e-16 ***
t            1.835e+00  1.058e-01   17.34   <2e-16 ***
t2          -4.595e-04  2.658e-05  -17.28   <2e-16 ***
---
Signif. codes:  0 '***' 0.001 '**' 0.01 '*' 0.05 '.' 0.1 ' ' 1 

Residual standard error: 0.2088 on 2409 degrees of freedom
Multiple R-squared: 0.2264,	Adjusted R-squared: 0.2258 
F-statistic: 352.6 on 2 and 2409 DF,  p-value: < 2.2e-16 


ARIMA Analysis:
Series: log(as.ts(tSeries)) 
ARIMA(4,1,3)                    

Coefficients:
          ar1      ar2      ar3      ar4     ma1     ma2     ma3
      -0.3867  -0.2776  -0.1616  -0.0317  0.9887  0.9644  0.9501
s.e.   0.0215   0.0227   0.0227   0.0214  0.0071  0.0085  0.0073

sigma^2 estimated as 0.0001503:  log likelihood=7188.03
AIC=-14360.06   AICc=-14360   BIC=-14313.76

Training set error measures:
          ME         RMSE          MAE          MPE         MAPE         MASE 
0.0001099662 0.0122576537 0.0085961693 0.0008834720 0.0674038338 0.7136607941 
          ME         RMSE          MAE          MPE         MAPE         MASE 
0.0001099662 0.0122576537 0.0085961693 0.0008834720 0.0674038338 0.7136607941 

Forecast Result (Complex):

Forecast method: ARIMA(4,1,3)                   

Model Information:
Series: log(as.ts(tSeries)) 
ARIMA(4,1,3)                    

Coefficients:
          ar1      ar2      ar3      ar4     ma1     ma2     ma3
      -0.3867  -0.2776  -0.1616  -0.0317  0.9887  0.9644  0.9501
s.e.   0.0215   0.0227   0.0227   0.0214  0.0071  0.0085  0.0073

sigma^2 estimated as 0.0001503:  log likelihood=7188.03
AIC=-14360.06   AICc=-14360   BIC=-14313.76

Training set error measures:
          ME         RMSE          MAE          MPE         MAPE         MASE 
0.0001099662 0.0122576537 0.0085961693 0.0008834720 0.0674038338 0.7136607941 

Forecasts:
      Point Forecast    Lo 80    Hi 80    Lo 95    Hi 95
16885       12.79738 12.78167 12.81309 12.77336 12.82141
16892       12.77866 12.74899 12.80832 12.73329 12.82403
16899       12.78369 12.73983 12.82754 12.71662 12.85075
16906       12.78669 12.72780 12.84558 12.69662 12.87675
16913       12.78715 12.71985 12.85446 12.68422 12.89009
16920       12.78592 12.71149 12.86035 12.67209 12.89976
16927       12.78562 12.70437 12.86688 12.66135 12.90990
16934       12.78591 12.69807 12.87376 12.65156 12.92026
16941       12.78607 12.69216 12.87997 12.64245 12.92968
16948       12.78601 12.68650 12.88553 12.63382 12.93821
16955       12.78595 12.68113 12.89078 12.62564 12.94627
16962       12.78596 12.67606 12.89586 12.61788 12.95404
16969       12.78598 12.67122 12.90073 12.61047 12.96148
16976       12.78598 12.66657 12.90539 12.60336 12.96860
16983       12.78597 12.66209 12.90986 12.59651 12.97544
16990       12.78597 12.65776 12.91418 12.58990 12.98205
16997       12.78597 12.65358 12.91836 12.58350 12.98844
17004       12.78597 12.64953 12.92242 12.57730 12.99464
17011       12.78597 12.64560 12.92635 12.57129 13.00066
17018       12.78597 12.64177 12.93018 12.56543 13.00652
17025       12.78597 12.63804 12.93391 12.55973 13.01222
17032       12.78597 12.63440 12.93755 12.55416 13.01778
17039       12.78597 12.63085 12.94110 12.54873 13.02322
17046       12.78597 12.62738 12.94457 12.54342 13.02853
17053       12.78597 12.62398 12.94797 12.53822 13.03373
17060       12.78597 12.62065 12.95130 12.53313 13.03882
17067       12.78597 12.61739 12.95456 12.52814 13.04381
17074       12.78597 12.61419 12.95776 12.52325 13.04870
17081       12.78597 12.61104 12.96091 12.51844 13.05351
17088       12.78597 12.60796 12.96399 12.51372 13.05823
17095       12.78597 12.60492 12.96703 12.50908 13.06287
17102       12.78597 12.60194 12.97001 12.50451 13.06743
17109       12.78597 12.59900 12.97295 12.50002 13.07192
17116       12.78597 12.59611 12.97584 12.49560 13.07635
17123       12.78597 12.59326 12.97869 12.49125 13.08070
17130       12.78597 12.59046 12.98149 12.48695 13.08499
17137       12.78597 12.58769 12.98426 12.48272 13.08922
17144       12.78597 12.58496 12.98699 12.47855 13.09340
17151       12.78597 12.58227 12.98968 12.47443 13.09751
17158       12.78597 12.57961 12.99234 12.47037 13.10158
17165       12.78597 12.57699 12.99496 12.46636 13.10559
17172       12.78597 12.57440 12.99755 12.46240 13.10955
17179       12.78597 12.57184 13.00011 12.45848 13.11347
17186       12.78597 12.56931 13.00264 12.45461 13.11733
17193       12.78597 12.56681 13.00514 12.45079 13.12116
17200       12.78597 12.56434 13.00761 12.44701 13.12494
17207       12.78597 12.56189 13.01005 12.44327 13.12868
17214       12.78597 12.55948 13.01247 12.43958 13.13237
17221       12.78597 12.55708 13.01486 12.43592 13.13603
17228       12.78597 12.55472 13.01723 12.43229 13.13965
17235       12.78597 12.55237 13.01958 12.42871 13.14324
17242       12.78597 12.55005 13.02190 12.42516 13.14679
17249       12.78597 12.54775 13.02419 12.42165 13.15030
17256       12.78597 12.54548 13.02647 12.41817 13.15378
17263       12.78597 12.54322 13.02872 12.41472 13.15723
17270       12.78597 12.54099 13.03096 12.41130 13.16065
17277       12.78597 12.53878 13.03317 12.40792 13.16403
17284       12.78597 12.53658 13.03537 12.40456 13.16739
17291       12.78597 12.53441 13.03754 12.40124 13.17071
17298       12.78597 12.53225 13.03970 12.39794 13.17401
17305       12.78597 12.53011 13.04184 12.39467 13.17728
17312       12.78597 12.52799 13.04396 12.39143 13.18052
17319       12.78597 12.52589 13.04606 12.38821 13.18374
17326       12.78597 12.52380 13.04814 12.38502 13.18693
17333       12.78597 12.52173 13.05021 12.38185 13.19009
17340       12.78597 12.51968 13.05227 12.37871 13.19324
17347       12.78597 12.51764 13.05431 12.37560 13.19635
17354       12.78597 12.51562 13.05633 12.37250 13.19945
17361       12.78597 12.51361 13.05834 12.36943 13.20252
17368       12.78597 12.51162 13.06033 12.36638 13.20556
17375       12.78597 12.50964 13.06231 12.36336 13.20859
17382       12.78597 12.50768 13.06427 12.36035 13.21159
17389       12.78597 12.50573 13.06622 12.35737 13.21458
17396       12.78597 12.50379 13.06816 12.35441 13.21754
17403       12.78597 12.50186 13.07008 12.35147 13.22048
17410       12.78597 12.49995 13.07199 12.34854 13.22340
17417       12.78597 12.49806 13.07389 12.34564 13.22631
17424       12.78597 12.49617 13.07578 12.34276 13.22919
17431       12.78597 12.49430 13.07765 12.33989 13.23206
17438       12.78597 12.49243 13.07951 12.33704 13.23490
17445       12.78597 12.49058 13.08136 12.33421 13.23773
17452       12.78597 12.48875 13.08320 12.33140 13.24055
17459       12.78597 12.48692 13.08503 12.32861 13.24334
17466       12.78597 12.48510 13.08685 12.32583 13.24612
17473       12.78597 12.48330 13.08865 12.32307 13.24888
17480       12.78597 12.48150 13.09045 12.32033 13.25162
17487       12.78597 12.47972 13.09223 12.31760 13.25435
17494       12.78597 12.47795 13.09400 12.31489 13.25706
17501       12.78597 12.47618 13.09577 12.31219 13.25976
17508       12.78597 12.47443 13.09752 12.30951 13.26244
17515       12.78597 12.47269 13.09926 12.30684 13.26511
17522       12.78597 12.47095 13.10100 12.30419 13.26776
17529       12.78597 12.46923 13.10272 12.30155 13.27040
17536       12.78597 12.46751 13.10444 12.29893 13.27302
17543       12.78597 12.46581 13.10614 12.29632 13.27563
17550       12.78597 12.46411 13.10784 12.29372 13.27823
17557       12.78597 12.46242 13.10953 12.29114 13.28081
17564       12.78597 12.46074 13.11121 12.28857 13.28338
17571       12.78597 12.45907 13.11288 12.28602 13.28593
17578       12.78597 12.45741 13.11454 12.28348 13.28847
      Point Forecast    Lo 80    Hi 80    Lo 95    Hi 95
16885       12.79738 12.78167 12.81309 12.77336 12.82141
16892       12.77866 12.74899 12.80832 12.73329 12.82403
16899       12.78369 12.73983 12.82754 12.71662 12.85075
16906       12.78669 12.72780 12.84558 12.69662 12.87675
16913       12.78715 12.71985 12.85446 12.68422 12.89009
16920       12.78592 12.71149 12.86035 12.67209 12.89976
16927       12.78562 12.70437 12.86688 12.66135 12.90990
16934       12.78591 12.69807 12.87376 12.65156 12.92026
16941       12.78607 12.69216 12.87997 12.64245 12.92968
16948       12.78601 12.68650 12.88553 12.63382 12.93821
16955       12.78595 12.68113 12.89078 12.62564 12.94627
16962       12.78596 12.67606 12.89586 12.61788 12.95404
16969       12.78598 12.67122 12.90073 12.61047 12.96148
16976       12.78598 12.66657 12.90539 12.60336 12.96860
16983       12.78597 12.66209 12.90986 12.59651 12.97544
16990       12.78597 12.65776 12.91418 12.58990 12.98205
16997       12.78597 12.65358 12.91836 12.58350 12.98844
17004       12.78597 12.64953 12.92242 12.57730 12.99464
17011       12.78597 12.64560 12.92635 12.57129 13.00066
17018       12.78597 12.64177 12.93018 12.56543 13.00652
17025       12.78597 12.63804 12.93391 12.55973 13.01222
17032       12.78597 12.63440 12.93755 12.55416 13.01778
17039       12.78597 12.63085 12.94110 12.54873 13.02322
17046       12.78597 12.62738 12.94457 12.54342 13.02853
17053       12.78597 12.62398 12.94797 12.53822 13.03373
17060       12.78597 12.62065 12.95130 12.53313 13.03882
17067       12.78597 12.61739 12.95456 12.52814 13.04381
17074       12.78597 12.61419 12.95776 12.52325 13.04870
17081       12.78597 12.61104 12.96091 12.51844 13.05351
17088       12.78597 12.60796 12.96399 12.51372 13.05823
17095       12.78597 12.60492 12.96703 12.50908 13.06287
17102       12.78597 12.60194 12.97001 12.50451 13.06743
17109       12.78597 12.59900 12.97295 12.50002 13.07192
17116       12.78597 12.59611 12.97584 12.49560 13.07635
17123       12.78597 12.59326 12.97869 12.49125 13.08070
17130       12.78597 12.59046 12.98149 12.48695 13.08499
17137       12.78597 12.58769 12.98426 12.48272 13.08922
17144       12.78597 12.58496 12.98699 12.47855 13.09340
17151       12.78597 12.58227 12.98968 12.47443 13.09751
17158       12.78597 12.57961 12.99234 12.47037 13.10158
17165       12.78597 12.57699 12.99496 12.46636 13.10559
17172       12.78597 12.57440 12.99755 12.46240 13.10955
17179       12.78597 12.57184 13.00011 12.45848 13.11347
17186       12.78597 12.56931 13.00264 12.45461 13.11733
17193       12.78597 12.56681 13.00514 12.45079 13.12116
17200       12.78597 12.56434 13.00761 12.44701 13.12494
17207       12.78597 12.56189 13.01005 12.44327 13.12868
17214       12.78597 12.55948 13.01247 12.43958 13.13237
17221       12.78597 12.55708 13.01486 12.43592 13.13603
17228       12.78597 12.55472 13.01723 12.43229 13.13965
17235       12.78597 12.55237 13.01958 12.42871 13.14324
17242       12.78597 12.55005 13.02190 12.42516 13.14679
17249       12.78597 12.54775 13.02419 12.42165 13.15030
17256       12.78597 12.54548 13.02647 12.41817 13.15378
17263       12.78597 12.54322 13.02872 12.41472 13.15723
17270       12.78597 12.54099 13.03096 12.41130 13.16065
17277       12.78597 12.53878 13.03317 12.40792 13.16403
17284       12.78597 12.53658 13.03537 12.40456 13.16739
17291       12.78597 12.53441 13.03754 12.40124 13.17071
17298       12.78597 12.53225 13.03970 12.39794 13.17401
17305       12.78597 12.53011 13.04184 12.39467 13.17728
17312       12.78597 12.52799 13.04396 12.39143 13.18052
17319       12.78597 12.52589 13.04606 12.38821 13.18374
17326       12.78597 12.52380 13.04814 12.38502 13.18693
17333       12.78597 12.52173 13.05021 12.38185 13.19009
17340       12.78597 12.51968 13.05227 12.37871 13.19324
17347       12.78597 12.51764 13.05431 12.37560 13.19635
17354       12.78597 12.51562 13.05633 12.37250 13.19945
17361       12.78597 12.51361 13.05834 12.36943 13.20252
17368       12.78597 12.51162 13.06033 12.36638 13.20556
17375       12.78597 12.50964 13.06231 12.36336 13.20859
17382       12.78597 12.50768 13.06427 12.36035 13.21159
17389       12.78597 12.50573 13.06622 12.35737 13.21458
17396       12.78597 12.50379 13.06816 12.35441 13.21754
17403       12.78597 12.50186 13.07008 12.35147 13.22048
17410       12.78597 12.49995 13.07199 12.34854 13.22340
17417       12.78597 12.49806 13.07389 12.34564 13.22631
17424       12.78597 12.49617 13.07578 12.34276 13.22919
17431       12.78597 12.49430 13.07765 12.33989 13.23206
17438       12.78597 12.49243 13.07951 12.33704 13.23490
17445       12.78597 12.49058 13.08136 12.33421 13.23773
17452       12.78597 12.48875 13.08320 12.33140 13.24055
17459       12.78597 12.48692 13.08503 12.32861 13.24334
17466       12.78597 12.48510 13.08685 12.32583 13.24612
17473       12.78597 12.48330 13.08865 12.32307 13.24888
17480       12.78597 12.48150 13.09045 12.32033 13.25162
17487       12.78597 12.47972 13.09223 12.31760 13.25435
17494       12.78597 12.47795 13.09400 12.31489 13.25706
17501       12.78597 12.47618 13.09577 12.31219 13.25976
17508       12.78597 12.47443 13.09752 12.30951 13.26244
17515       12.78597 12.47269 13.09926 12.30684 13.26511
17522       12.78597 12.47095 13.10100 12.30419 13.26776
17529       12.78597 12.46923 13.10272 12.30155 13.27040
17536       12.78597 12.46751 13.10444 12.29893 13.27302
17543       12.78597 12.46581 13.10614 12.29632 13.27563
17550       12.78597 12.46411 13.10784 12.29372 13.27823
17557       12.78597 12.46242 13.10953 12.29114 13.28081
17564       12.78597 12.46074 13.11121 12.28857 13.28338
17571       12.78597 12.45907 13.11288 12.28602 13.28593
17578       12.78597 12.45741 13.11454 12.28348 13.28847
