Time Series Analysis Output for  All Employees: Total nonfarm 

Regression Analysis:

Call:
lm(formula = lseries ~ t + t2)

Residuals:
      Min        1Q    Median        3Q       Max 
-0.111928 -0.025829  0.006701  0.031987  0.128538 

Coefficients:
              Estimate Std. Error t value Pr(>|t|)    
(Intercept) -4.268e+02  1.495e+01  -28.55   <2e-16 ***
t            4.235e-01  1.514e-02   27.98   <2e-16 ***
t2          -1.021e-04  3.829e-06  -26.67   <2e-16 ***
---
Signif. codes:  0 '***' 0.001 '**' 0.01 '*' 0.05 '.' 0.1 ' ' 1 

Residual standard error: 0.04701 on 888 degrees of freedom
Multiple R-squared: 0.9882,	Adjusted R-squared: 0.9882 
F-statistic: 3.712e+04 on 2 and 888 DF,  p-value: < 2.2e-16 


ARIMA Analysis:
Series: log(as.ts(tSeries)) 
ARIMA(1,1,1) with drift         

Coefficients:
         ar1      ma1   drift
      0.8836  -0.6021  0.0017
s.e.  0.0234   0.0373  0.0004

sigma^2 estimated as 1.23e-05:  log likelihood=3767.94
AIC=-7527.88   AICc=-7527.83   BIC=-7508.71

Training set error measures:
          ME         RMSE          MAE          MPE         MAPE         MASE 
4.303042e-06 3.522567e-03 1.893355e-03 1.292192e-04 1.728724e-02 6.289478e-01 
          ME         RMSE          MAE          MPE         MAPE         MASE 
4.303042e-06 3.522567e-03 1.893355e-03 1.292192e-04 1.728724e-02 6.289478e-01 

Forecast Result (Complex):

Forecast method: ARIMA(1,1,1) with drift        

Model Information:
Series: log(as.ts(tSeries)) 
ARIMA(1,1,1) with drift         

Coefficients:
         ar1      ma1   drift
      0.8836  -0.6021  0.0017
s.e.  0.0234   0.0373  0.0004

sigma^2 estimated as 1.23e-05:  log likelihood=3767.94
AIC=-7527.88   AICc=-7527.83   BIC=-7508.71

Training set error measures:
          ME         RMSE          MAE          MPE         MAPE         MASE 
4.303042e-06 3.522567e-03 1.893355e-03 1.292192e-04 1.728724e-02 6.289478e-01 

Forecasts:
    Point Forecast    Lo 80    Hi 80    Lo 95    Hi 95
892       11.81584 11.81134 11.82033 11.80896 11.82271
893       11.81724 11.80993 11.82455 11.80606 11.82841
894       11.81868 11.80864 11.82871 11.80333 11.83402
895       11.82015 11.80739 11.83290 11.80064 11.83965
896       11.82164 11.80618 11.83710 11.79800 11.84529
897       11.82316 11.80501 11.84132 11.79540 11.85093
898       11.82471 11.80389 11.84553 11.79287 11.85655
899       11.82627 11.80282 11.84972 11.79041 11.86214
900       11.82785 11.80181 11.85389 11.78802 11.86768
901       11.82944 11.80085 11.85804 11.78572 11.87317
902       11.83105 11.79996 11.86214 11.78350 11.87860
903       11.83267 11.79913 11.86621 11.78137 11.88397
904       11.83430 11.79836 11.87024 11.77934 11.88926
905       11.83594 11.79765 11.87422 11.77739 11.89449
906       11.83758 11.79701 11.87816 11.77553 11.89964
907       11.83924 11.79642 11.88206 11.77375 11.90472
908       11.84090 11.79589 11.88591 11.77206 11.90973
909       11.84256 11.79541 11.88971 11.77046 11.91467
910       11.84423 11.79499 11.89347 11.76893 11.91954
911       11.84591 11.79462 11.89719 11.76748 11.92434
912       11.84759 11.79430 11.90087 11.76610 11.92907
913       11.84927 11.79403 11.90450 11.76479 11.93374
914       11.85095 11.79380 11.90810 11.76355 11.93835
915       11.85264 11.79362 11.91166 11.76238 11.94290
916       11.85433 11.79348 11.91518 11.76127 11.94739
917       11.85602 11.79338 11.91866 11.76022 11.95182
918       11.85771 11.79332 11.92211 11.75923 11.95620
919       11.85941 11.79329 11.92553 11.75829 11.96053
920       11.86111 11.79330 11.92891 11.75741 11.96480
921       11.86280 11.79334 11.93226 11.75658 11.96903
922       11.86450 11.79342 11.93559 11.75579 11.97321
923       11.86620 11.79353 11.93888 11.75505 11.97735
924       11.86790 11.79366 11.94215 11.75436 11.98145
925       11.86961 11.79383 11.94538 11.75371 11.98550
926       11.87131 11.79402 11.94860 11.75310 11.98951
927       11.87301 11.79423 11.95179 11.75253 11.99349
928       11.87471 11.79448 11.95495 11.75200 11.99743
929       11.87642 11.79474 11.95809 11.75150 12.00133
930       11.87812 11.79503 11.96121 11.75104 12.00520
931       11.87983 11.79534 11.96431 11.75062 12.00904
932       11.88153 11.79567 11.96739 11.75022 12.01284
933       11.88324 11.79602 11.97045 11.74986 12.01662
934       11.88494 11.79640 11.97349 11.74952 12.02036
935       11.88665 11.79679 11.97651 11.74922 12.02408
936       11.88835 11.79719 11.97951 11.74894 12.02777
937       11.89006 11.79762 11.98250 11.74869 12.03143
938       11.89177 11.79806 11.98547 11.74846 12.03507
939       11.89347 11.79852 11.98842 11.74826 12.03869
940       11.89518 11.79900 11.99136 11.74808 12.04228
941       11.89689 11.79949 11.99428 11.74793 12.04584
942       11.89859 11.79999 11.99719 11.74780 12.04939
943       11.90030 11.80051 12.00009 11.74769 12.05291
944       11.90201 11.80104 12.00297 11.74760 12.05641
945       11.90371 11.80159 12.00584 11.74753 12.05990
946       11.90542 11.80215 12.00869 11.74748 12.06336
947       11.90713 11.80272 12.01153 11.74745 12.06681
948       11.90883 11.80330 12.01437 11.74744 12.07023
949       11.91054 11.80390 12.01719 11.74744 12.07364
950       11.91225 11.80450 12.01999 11.74747 12.07703
951       11.91396 11.80512 12.02279 11.74751 12.08040
952       11.91566 11.80575 12.02558 11.74756 12.08376
953       11.91737 11.80639 12.02835 11.74764 12.08710
954       11.91908 11.80704 12.03112 11.74772 12.09043
955       11.92078 11.80769 12.03388 11.74783 12.09374
956       11.92249 11.80836 12.03662 11.74794 12.09704
957       11.92420 11.80904 12.03936 11.74808 12.10032
958       11.92591 11.80973 12.04209 11.74822 12.10359
959       11.92761 11.81042 12.04481 11.74838 12.10685
960       11.92932 11.81112 12.04752 11.74855 12.11009
961       11.93103 11.81184 12.05022 11.74874 12.11332
962       11.93274 11.81256 12.05291 11.74894 12.11653
963       11.93444 11.81329 12.05560 11.74915 12.11974
964       11.93615 11.81402 12.05828 11.74937 12.12293
965       11.93786 11.81477 12.06095 11.74960 12.12611
966       11.93957 11.81552 12.06361 11.74985 12.12928
967       11.94127 11.81628 12.06627 11.75011 12.13244
968       11.94298 11.81704 12.06892 11.75037 12.13559
969       11.94469 11.81781 12.07156 11.75065 12.13872
970       11.94639 11.81859 12.07420 11.75094 12.14185
971       11.94810 11.81938 12.07682 11.75124 12.14496
972       11.94981 11.82017 12.07945 11.75155 12.14807
973       11.95152 11.82097 12.08206 11.75187 12.15117
974       11.95322 11.82178 12.08467 11.75219 12.15425
975       11.95493 11.82259 12.08727 11.75253 12.15733
976       11.95664 11.82341 12.08987 11.75288 12.16040
977       11.95835 11.82423 12.09246 11.75323 12.16346
978       11.96005 11.82506 12.09505 11.75360 12.16651
979       11.96176 11.82590 12.09763 11.75397 12.16955
980       11.96347 11.82674 12.10020 11.75435 12.17258
981       11.96518 11.82758 12.10277 11.75474 12.17561
982       11.96688 11.82843 12.10533 11.75514 12.17862
983       11.96859 11.82929 12.10789 11.75555 12.18163
984       11.97030 11.83015 12.11044 11.75596 12.18463
985       11.97201 11.83102 12.11299 11.75639 12.18763
986       11.97371 11.83189 12.11554 11.75682 12.19061
987       11.97542 11.83277 12.11807 11.75725 12.19359
988       11.97713 11.83365 12.12061 11.75770 12.19656
989       11.97884 11.83454 12.12313 11.75815 12.19952
990       11.98054 11.83543 12.12566 11.75861 12.20248
991       11.98225 11.83632 12.12818 11.75907 12.20543
    Point Forecast    Lo 80    Hi 80    Lo 95    Hi 95
892       11.81584 11.81134 11.82033 11.80896 11.82271
893       11.81724 11.80993 11.82455 11.80606 11.82841
894       11.81868 11.80864 11.82871 11.80333 11.83402
895       11.82015 11.80739 11.83290 11.80064 11.83965
896       11.82164 11.80618 11.83710 11.79800 11.84529
897       11.82316 11.80501 11.84132 11.79540 11.85093
898       11.82471 11.80389 11.84553 11.79287 11.85655
899       11.82627 11.80282 11.84972 11.79041 11.86214
900       11.82785 11.80181 11.85389 11.78802 11.86768
901       11.82944 11.80085 11.85804 11.78572 11.87317
902       11.83105 11.79996 11.86214 11.78350 11.87860
903       11.83267 11.79913 11.86621 11.78137 11.88397
904       11.83430 11.79836 11.87024 11.77934 11.88926
905       11.83594 11.79765 11.87422 11.77739 11.89449
906       11.83758 11.79701 11.87816 11.77553 11.89964
907       11.83924 11.79642 11.88206 11.77375 11.90472
908       11.84090 11.79589 11.88591 11.77206 11.90973
909       11.84256 11.79541 11.88971 11.77046 11.91467
910       11.84423 11.79499 11.89347 11.76893 11.91954
911       11.84591 11.79462 11.89719 11.76748 11.92434
912       11.84759 11.79430 11.90087 11.76610 11.92907
913       11.84927 11.79403 11.90450 11.76479 11.93374
914       11.85095 11.79380 11.90810 11.76355 11.93835
915       11.85264 11.79362 11.91166 11.76238 11.94290
916       11.85433 11.79348 11.91518 11.76127 11.94739
917       11.85602 11.79338 11.91866 11.76022 11.95182
918       11.85771 11.79332 11.92211 11.75923 11.95620
919       11.85941 11.79329 11.92553 11.75829 11.96053
920       11.86111 11.79330 11.92891 11.75741 11.96480
921       11.86280 11.79334 11.93226 11.75658 11.96903
922       11.86450 11.79342 11.93559 11.75579 11.97321
923       11.86620 11.79353 11.93888 11.75505 11.97735
924       11.86790 11.79366 11.94215 11.75436 11.98145
925       11.86961 11.79383 11.94538 11.75371 11.98550
926       11.87131 11.79402 11.94860 11.75310 11.98951
927       11.87301 11.79423 11.95179 11.75253 11.99349
928       11.87471 11.79448 11.95495 11.75200 11.99743
929       11.87642 11.79474 11.95809 11.75150 12.00133
930       11.87812 11.79503 11.96121 11.75104 12.00520
931       11.87983 11.79534 11.96431 11.75062 12.00904
932       11.88153 11.79567 11.96739 11.75022 12.01284
933       11.88324 11.79602 11.97045 11.74986 12.01662
934       11.88494 11.79640 11.97349 11.74952 12.02036
935       11.88665 11.79679 11.97651 11.74922 12.02408
936       11.88835 11.79719 11.97951 11.74894 12.02777
937       11.89006 11.79762 11.98250 11.74869 12.03143
938       11.89177 11.79806 11.98547 11.74846 12.03507
939       11.89347 11.79852 11.98842 11.74826 12.03869
940       11.89518 11.79900 11.99136 11.74808 12.04228
941       11.89689 11.79949 11.99428 11.74793 12.04584
942       11.89859 11.79999 11.99719 11.74780 12.04939
943       11.90030 11.80051 12.00009 11.74769 12.05291
944       11.90201 11.80104 12.00297 11.74760 12.05641
945       11.90371 11.80159 12.00584 11.74753 12.05990
946       11.90542 11.80215 12.00869 11.74748 12.06336
947       11.90713 11.80272 12.01153 11.74745 12.06681
948       11.90883 11.80330 12.01437 11.74744 12.07023
949       11.91054 11.80390 12.01719 11.74744 12.07364
950       11.91225 11.80450 12.01999 11.74747 12.07703
951       11.91396 11.80512 12.02279 11.74751 12.08040
952       11.91566 11.80575 12.02558 11.74756 12.08376
953       11.91737 11.80639 12.02835 11.74764 12.08710
954       11.91908 11.80704 12.03112 11.74772 12.09043
955       11.92078 11.80769 12.03388 11.74783 12.09374
956       11.92249 11.80836 12.03662 11.74794 12.09704
957       11.92420 11.80904 12.03936 11.74808 12.10032
958       11.92591 11.80973 12.04209 11.74822 12.10359
959       11.92761 11.81042 12.04481 11.74838 12.10685
960       11.92932 11.81112 12.04752 11.74855 12.11009
961       11.93103 11.81184 12.05022 11.74874 12.11332
962       11.93274 11.81256 12.05291 11.74894 12.11653
963       11.93444 11.81329 12.05560 11.74915 12.11974
964       11.93615 11.81402 12.05828 11.74937 12.12293
965       11.93786 11.81477 12.06095 11.74960 12.12611
966       11.93957 11.81552 12.06361 11.74985 12.12928
967       11.94127 11.81628 12.06627 11.75011 12.13244
968       11.94298 11.81704 12.06892 11.75037 12.13559
969       11.94469 11.81781 12.07156 11.75065 12.13872
970       11.94639 11.81859 12.07420 11.75094 12.14185
971       11.94810 11.81938 12.07682 11.75124 12.14496
972       11.94981 11.82017 12.07945 11.75155 12.14807
973       11.95152 11.82097 12.08206 11.75187 12.15117
974       11.95322 11.82178 12.08467 11.75219 12.15425
975       11.95493 11.82259 12.08727 11.75253 12.15733
976       11.95664 11.82341 12.08987 11.75288 12.16040
977       11.95835 11.82423 12.09246 11.75323 12.16346
978       11.96005 11.82506 12.09505 11.75360 12.16651
979       11.96176 11.82590 12.09763 11.75397 12.16955
980       11.96347 11.82674 12.10020 11.75435 12.17258
981       11.96518 11.82758 12.10277 11.75474 12.17561
982       11.96688 11.82843 12.10533 11.75514 12.17862
983       11.96859 11.82929 12.10789 11.75555 12.18163
984       11.97030 11.83015 12.11044 11.75596 12.18463
985       11.97201 11.83102 12.11299 11.75639 12.18763
986       11.97371 11.83189 12.11554 11.75682 12.19061
987       11.97542 11.83277 12.11807 11.75725 12.19359
988       11.97713 11.83365 12.12061 11.75770 12.19656
989       11.97884 11.83454 12.12313 11.75815 12.19952
990       11.98054 11.83543 12.12566 11.75861 12.20248
991       11.98225 11.83632 12.12818 11.75907 12.20543
