Time Series Analysis Output for  M2 Money Stock 

Regression Analysis:

Call:
lm(formula = lseries ~ t + t2)

Residuals:
      Min        1Q    Median        3Q       Max 
-0.150697 -0.042863 -0.000453  0.036285  0.105663 

Coefficients:
              Estimate Std. Error t value Pr(>|t|)    
(Intercept)  5.208e+02  7.113e+01   7.323 3.74e-13 ***
t           -5.659e-01  7.122e-02  -7.946 3.50e-15 ***
t2           1.549e-04  1.783e-05   8.686  < 2e-16 ***
---
Signif. codes:  0 '***' 0.001 '**' 0.01 '*' 0.05 '.' 0.1 ' ' 1 

Residual standard error: 0.05712 on 1690 degrees of freedom
Multiple R-squared: 0.9867,	Adjusted R-squared: 0.9867 
F-statistic: 6.276e+04 on 2 and 1690 DF,  p-value: < 2.2e-16 


ARIMA Analysis:
Series: log(as.ts(tSeries)) 
ARIMA(0,1,1) with drift         

Coefficients:
         ma1   drift
      0.0793  0.0011
s.e.  0.0246  0.0001

sigma^2 estimated as 4.071e-06:  log likelihood=8099.4
AIC=-16192.79   AICc=-16192.78   BIC=-16176.49

Training set error measures:
          ME         RMSE          MAE          MPE         MAPE         MASE 
4.384278e-06 2.025002e-03 1.308384e-03 1.071214e-04 1.563087e-02 8.121648e-01 
          ME         RMSE          MAE          MPE         MAPE         MASE 
4.384278e-06 2.025002e-03 1.308384e-03 1.071214e-04 1.563087e-02 8.121648e-01 

Forecast Result (Complex):

Forecast method: ARIMA(0,1,1) with drift        

Model Information:
Series: log(as.ts(tSeries)) 
ARIMA(0,1,1) with drift         

Coefficients:
         ma1   drift
      0.0793  0.0011
s.e.  0.0246  0.0001

sigma^2 estimated as 4.071e-06:  log likelihood=8099.4
AIC=-16192.79   AICc=-16192.78   BIC=-16176.49

Training set error measures:
          ME         RMSE          MAE          MPE         MAPE         MASE 
4.384278e-06 2.025002e-03 1.308384e-03 1.071214e-04 1.563087e-02 8.121648e-01 

Forecasts:
      Point Forecast    Lo 80    Hi 80    Lo 95    Hi 95
11852       9.259068 9.256482 9.261654 9.255113 9.263022
11859       9.260182 9.256378 9.263987 9.254364 9.266001
11866       9.261297 9.256578 9.266015 9.254080 9.268513
11873       9.262411 9.256929 9.267893 9.254027 9.270795
11880       9.263525 9.257374 9.269677 9.254117 9.272933
11887       9.264640 9.257885 9.271395 9.254309 9.274970
11894       9.265754 9.258445 9.273063 9.254576 9.276932
11901       9.266868 9.259045 9.274692 9.254904 9.278833
11908       9.267983 9.259677 9.276289 9.255279 9.280686
11915       9.269097 9.260335 9.277860 9.255696 9.282498
11922       9.270212 9.261015 9.279408 9.256147 9.284276
11929       9.271326 9.261716 9.280936 9.256628 9.286024
11936       9.272440 9.262433 9.282448 9.257135 9.287745
11943       9.273555 9.263165 9.283944 9.257666 9.289444
11950       9.274669 9.263911 9.285427 9.258217 9.291121
11957       9.275783 9.264670 9.286897 9.258787 9.292780
11964       9.276898 9.265439 9.288357 9.259373 9.294423
11971       9.278012 9.266219 9.289806 9.259975 9.296049
11978       9.279127 9.267007 9.291246 9.260592 9.297662
11985       9.280241 9.267804 9.292678 9.261221 9.299261
11992       9.281355 9.268609 9.294101 9.261862 9.300849
11999       9.282470 9.269422 9.295518 9.262515 9.302425
12006       9.283584 9.270241 9.296927 9.263178 9.303990
12013       9.284699 9.271067 9.298330 9.263851 9.305546
12020       9.285813 9.271898 9.299727 9.264533 9.307093
12027       9.286927 9.272736 9.301119 9.265223 9.308631
12034       9.288042 9.273578 9.302505 9.265922 9.310161
12041       9.289156 9.274426 9.303886 9.266628 9.311684
12048       9.290270 9.275278 9.305263 9.267342 9.313199
12055       9.291385 9.276135 9.306635 9.268062 9.314707
12062       9.292499 9.276996 9.308002 9.268789 9.316209
12069       9.293614 9.277861 9.309366 9.269523 9.317704
12076       9.294728 9.278730 9.310725 9.270262 9.319194
12083       9.295842 9.279603 9.312081 9.271007 9.320678
12090       9.296957 9.280479 9.313434 9.271757 9.322156
12097       9.298071 9.281359 9.314783 9.272512 9.323630
12104       9.299185 9.282242 9.316129 9.273273 9.325098
12111       9.300300 9.283128 9.317471 9.274038 9.326561
12118       9.301414 9.284017 9.318811 9.274808 9.328020
12125       9.302529 9.284909 9.320148 9.275582 9.329475
12132       9.303643 9.285804 9.321482 9.276361 9.330925
12139       9.304757 9.286701 9.322813 9.277143 9.332372
12146       9.305872 9.287601 9.324142 9.277930 9.333814
12153       9.306986 9.288504 9.325468 9.278720 9.335252
12160       9.308100 9.289409 9.326792 9.279514 9.336687
12167       9.309215 9.290316 9.328114 9.280311 9.338118
12174       9.310329 9.291225 9.329433 9.281112 9.339546
12181       9.311444 9.292137 9.330750 9.281917 9.340971
12188       9.312558 9.293051 9.332065 9.282724 9.342392
12195       9.313672 9.293966 9.333378 9.283535 9.343810
12202       9.314787 9.294884 9.334689 9.284348 9.345225
12209       9.315901 9.295804 9.335998 9.285165 9.346637
12216       9.317015 9.296725 9.337306 9.285984 9.348047
12223       9.318130 9.297649 9.338611 9.286807 9.349453
12230       9.319244 9.298574 9.339915 9.287631 9.350857
12237       9.320359 9.299501 9.341217 9.288459 9.352258
12244       9.321473 9.300429 9.342517 9.289289 9.353657
12251       9.322587 9.301359 9.343816 9.290122 9.355053
12258       9.323702 9.302291 9.345113 9.290957 9.356447
12265       9.324816 9.303224 9.346408 9.291794 9.357838
12272       9.325931 9.304159 9.347702 9.292634 9.359227
12279       9.327045 9.305095 9.348995 9.293476 9.360614
12286       9.328159 9.306033 9.350286 9.294320 9.361999
12293       9.329274 9.306972 9.351575 9.295166 9.363381
12300       9.330388 9.307912 9.352864 9.296014 9.364762
12307       9.331502 9.308854 9.354151 9.296865 9.366140
12314       9.332617 9.309797 9.355436 9.297717 9.367516
12321       9.333731 9.310742 9.356721 9.298572 9.368891
12328       9.334846 9.311687 9.358004 9.299428 9.370263
12335       9.335960 9.312634 9.359286 9.300286 9.371634
12342       9.337074 9.313582 9.360567 9.301146 9.373003
12349       9.338189 9.314531 9.361846 9.302008 9.374370
12356       9.339303 9.315482 9.363125 9.302871 9.375735
12363       9.340417 9.316433 9.364402 9.303736 9.377098
12370       9.341532 9.317386 9.365678 9.304603 9.378460
12377       9.342646 9.318339 9.366953 9.305472 9.379821
12384       9.343761 9.319294 9.368227 9.306342 9.381179
12391       9.344875 9.320250 9.369500 9.307214 9.382536
12398       9.345989 9.321206 9.370772 9.308087 9.383892
12405       9.347104 9.322164 9.372043 9.308962 9.385246
12412       9.348218 9.323123 9.373313 9.309838 9.386598
12419       9.349332 9.324082 9.374582 9.310716 9.387949
12426       9.350447 9.325043 9.375851 9.311595 9.389299
12433       9.351561 9.326005 9.377118 9.312476 9.390647
12440       9.352676 9.326967 9.378384 9.313358 9.391993
12447       9.353790 9.327930 9.379650 9.314241 9.393339
12454       9.354904 9.328895 9.380914 9.315126 9.394683
12461       9.356019 9.329860 9.382178 9.316012 9.396025
12468       9.357133 9.330826 9.383441 9.316899 9.397367
12475       9.358247 9.331792 9.384703 9.317788 9.398707
12482       9.359362 9.332760 9.385964 9.318678 9.400046
12489       9.360476 9.333728 9.387224 9.319569 9.401384
12496       9.361591 9.334698 9.388484 9.320461 9.402720
12503       9.362705 9.335668 9.389742 9.321355 9.404055
12510       9.363819 9.336638 9.391000 9.322249 9.405389
12517       9.364934 9.337610 9.392258 9.323145 9.406722
12524       9.366048 9.338582 9.393514 9.324042 9.408054
12531       9.367163 9.339555 9.394770 9.324940 9.409385
12538       9.368277 9.340529 9.396025 9.325840 9.410714
12545       9.369391 9.341503 9.397280 9.326740 9.412043
      Point Forecast    Lo 80    Hi 80    Lo 95    Hi 95
11852       9.259068 9.256482 9.261654 9.255113 9.263022
11859       9.260182 9.256378 9.263987 9.254364 9.266001
11866       9.261297 9.256578 9.266015 9.254080 9.268513
11873       9.262411 9.256929 9.267893 9.254027 9.270795
11880       9.263525 9.257374 9.269677 9.254117 9.272933
11887       9.264640 9.257885 9.271395 9.254309 9.274970
11894       9.265754 9.258445 9.273063 9.254576 9.276932
11901       9.266868 9.259045 9.274692 9.254904 9.278833
11908       9.267983 9.259677 9.276289 9.255279 9.280686
11915       9.269097 9.260335 9.277860 9.255696 9.282498
11922       9.270212 9.261015 9.279408 9.256147 9.284276
11929       9.271326 9.261716 9.280936 9.256628 9.286024
11936       9.272440 9.262433 9.282448 9.257135 9.287745
11943       9.273555 9.263165 9.283944 9.257666 9.289444
11950       9.274669 9.263911 9.285427 9.258217 9.291121
11957       9.275783 9.264670 9.286897 9.258787 9.292780
11964       9.276898 9.265439 9.288357 9.259373 9.294423
11971       9.278012 9.266219 9.289806 9.259975 9.296049
11978       9.279127 9.267007 9.291246 9.260592 9.297662
11985       9.280241 9.267804 9.292678 9.261221 9.299261
11992       9.281355 9.268609 9.294101 9.261862 9.300849
11999       9.282470 9.269422 9.295518 9.262515 9.302425
12006       9.283584 9.270241 9.296927 9.263178 9.303990
12013       9.284699 9.271067 9.298330 9.263851 9.305546
12020       9.285813 9.271898 9.299727 9.264533 9.307093
12027       9.286927 9.272736 9.301119 9.265223 9.308631
12034       9.288042 9.273578 9.302505 9.265922 9.310161
12041       9.289156 9.274426 9.303886 9.266628 9.311684
12048       9.290270 9.275278 9.305263 9.267342 9.313199
12055       9.291385 9.276135 9.306635 9.268062 9.314707
12062       9.292499 9.276996 9.308002 9.268789 9.316209
12069       9.293614 9.277861 9.309366 9.269523 9.317704
12076       9.294728 9.278730 9.310725 9.270262 9.319194
12083       9.295842 9.279603 9.312081 9.271007 9.320678
12090       9.296957 9.280479 9.313434 9.271757 9.322156
12097       9.298071 9.281359 9.314783 9.272512 9.323630
12104       9.299185 9.282242 9.316129 9.273273 9.325098
12111       9.300300 9.283128 9.317471 9.274038 9.326561
12118       9.301414 9.284017 9.318811 9.274808 9.328020
12125       9.302529 9.284909 9.320148 9.275582 9.329475
12132       9.303643 9.285804 9.321482 9.276361 9.330925
12139       9.304757 9.286701 9.322813 9.277143 9.332372
12146       9.305872 9.287601 9.324142 9.277930 9.333814
12153       9.306986 9.288504 9.325468 9.278720 9.335252
12160       9.308100 9.289409 9.326792 9.279514 9.336687
12167       9.309215 9.290316 9.328114 9.280311 9.338118
12174       9.310329 9.291225 9.329433 9.281112 9.339546
12181       9.311444 9.292137 9.330750 9.281917 9.340971
12188       9.312558 9.293051 9.332065 9.282724 9.342392
12195       9.313672 9.293966 9.333378 9.283535 9.343810
12202       9.314787 9.294884 9.334689 9.284348 9.345225
12209       9.315901 9.295804 9.335998 9.285165 9.346637
12216       9.317015 9.296725 9.337306 9.285984 9.348047
12223       9.318130 9.297649 9.338611 9.286807 9.349453
12230       9.319244 9.298574 9.339915 9.287631 9.350857
12237       9.320359 9.299501 9.341217 9.288459 9.352258
12244       9.321473 9.300429 9.342517 9.289289 9.353657
12251       9.322587 9.301359 9.343816 9.290122 9.355053
12258       9.323702 9.302291 9.345113 9.290957 9.356447
12265       9.324816 9.303224 9.346408 9.291794 9.357838
12272       9.325931 9.304159 9.347702 9.292634 9.359227
12279       9.327045 9.305095 9.348995 9.293476 9.360614
12286       9.328159 9.306033 9.350286 9.294320 9.361999
12293       9.329274 9.306972 9.351575 9.295166 9.363381
12300       9.330388 9.307912 9.352864 9.296014 9.364762
12307       9.331502 9.308854 9.354151 9.296865 9.366140
12314       9.332617 9.309797 9.355436 9.297717 9.367516
12321       9.333731 9.310742 9.356721 9.298572 9.368891
12328       9.334846 9.311687 9.358004 9.299428 9.370263
12335       9.335960 9.312634 9.359286 9.300286 9.371634
12342       9.337074 9.313582 9.360567 9.301146 9.373003
12349       9.338189 9.314531 9.361846 9.302008 9.374370
12356       9.339303 9.315482 9.363125 9.302871 9.375735
12363       9.340417 9.316433 9.364402 9.303736 9.377098
12370       9.341532 9.317386 9.365678 9.304603 9.378460
12377       9.342646 9.318339 9.366953 9.305472 9.379821
12384       9.343761 9.319294 9.368227 9.306342 9.381179
12391       9.344875 9.320250 9.369500 9.307214 9.382536
12398       9.345989 9.321206 9.370772 9.308087 9.383892
12405       9.347104 9.322164 9.372043 9.308962 9.385246
12412       9.348218 9.323123 9.373313 9.309838 9.386598
12419       9.349332 9.324082 9.374582 9.310716 9.387949
12426       9.350447 9.325043 9.375851 9.311595 9.389299
12433       9.351561 9.326005 9.377118 9.312476 9.390647
12440       9.352676 9.326967 9.378384 9.313358 9.391993
12447       9.353790 9.327930 9.379650 9.314241 9.393339
12454       9.354904 9.328895 9.380914 9.315126 9.394683
12461       9.356019 9.329860 9.382178 9.316012 9.396025
12468       9.357133 9.330826 9.383441 9.316899 9.397367
12475       9.358247 9.331792 9.384703 9.317788 9.398707
12482       9.359362 9.332760 9.385964 9.318678 9.400046
12489       9.360476 9.333728 9.387224 9.319569 9.401384
12496       9.361591 9.334698 9.388484 9.320461 9.402720
12503       9.362705 9.335668 9.389742 9.321355 9.404055
12510       9.363819 9.336638 9.391000 9.322249 9.405389
12517       9.364934 9.337610 9.392258 9.323145 9.406722
12524       9.366048 9.338582 9.393514 9.324042 9.408054
12531       9.367163 9.339555 9.394770 9.324940 9.409385
12538       9.368277 9.340529 9.396025 9.325840 9.410714
12545       9.369391 9.341503 9.397280 9.326740 9.412043
