Time Series Analysis Output for  Civilian Unemployment Rate 

Regression Analysis:

Call:
lm(formula = lseries ~ t + t2)

Residuals:
     Min       1Q   Median       3Q      Max 
-0.56364 -0.17527 -0.00584  0.18188  0.64858 

Coefficients:
              Estimate Std. Error t value Pr(>|t|)    
(Intercept) -7.266e+02  1.137e+02  -6.389 2.86e-10 ***
t            7.292e-01  1.148e-01   6.351 3.64e-10 ***
t2          -1.825e-04  2.899e-05  -6.297 5.08e-10 ***
---
Signif. codes:  0 '***' 0.001 '**' 0.01 '*' 0.05 '.' 0.1 ' ' 1 

Residual standard error: 0.2577 on 780 degrees of freedom
Multiple R-squared: 0.2052,	Adjusted R-squared: 0.2031 
F-statistic: 100.7 on 2 and 780 DF,  p-value: < 2.2e-16 


ARIMA Analysis:
Series: log(as.ts(tSeries)) 
ARIMA(2,1,2)                    

Coefficients:
         ar1      ar2      ma1     ma2
      1.6439  -0.7522  -1.5927  0.7858
s.e.  0.0582   0.0579   0.0542  0.0556

sigma^2 estimated as 0.001327:  log likelihood=1480.6
AIC=-2951.21   AICc=-2951.13   BIC=-2927.9

Training set error measures:
          ME         RMSE          MAE          MPE         MAPE         MASE 
0.0005414168 0.0363981397 0.0261232825 0.0259751792 1.6341563524 0.9669963725 
          ME         RMSE          MAE          MPE         MAPE         MASE 
0.0005414168 0.0363981397 0.0261232825 0.0259751792 1.6341563524 0.9669963725 

Forecast Result (Complex):

Forecast method: ARIMA(2,1,2)                   

Model Information:
Series: log(as.ts(tSeries)) 
ARIMA(2,1,2)                    

Coefficients:
         ar1      ar2      ma1     ma2
      1.6439  -0.7522  -1.5927  0.7858
s.e.  0.0582   0.0579   0.0542  0.0556

sigma^2 estimated as 0.001327:  log likelihood=1480.6
AIC=-2951.21   AICc=-2951.13   BIC=-2927.9

Training set error measures:
          ME         RMSE          MAE          MPE         MAPE         MASE 
0.0005414168 0.0363981397 0.0261232825 0.0259751792 1.6341563524 0.9669963725 

Forecasts:
    Point Forecast    Lo 80    Hi 80     Lo 95    Hi 95
784       2.024060 1.977384 2.070736 1.9526754 2.095445
785       2.019277 1.951559 2.086996 1.9157109 2.122844
786       2.014490 1.927532 2.101448 1.8814995 2.147481
787       2.010219 1.903549 2.116889 1.8470814 2.173356
788       2.006798 1.879467 2.134130 1.8120617 2.201535
789       2.004388 1.855668 2.153109 1.7769401 2.231836
790       2.003000 1.832676 2.173323 1.7425116 2.263487
791       2.002530 1.810961 2.194099 1.7095500 2.295509
792       2.002802 1.790846 2.214757 1.6786432 2.326960
793       2.003602 1.772481 2.234724 1.6501328 2.357072
794       2.004714 1.755856 2.253572 1.6241187 2.385310
795       2.005939 1.740839 2.271039 1.6005035 2.411375
796       2.007117 1.727221 2.287013 1.5790527 2.435181
797       2.008131 1.714758 2.301505 1.5594553 2.456807
798       2.008913 1.703207 2.314619 1.5413757 2.476450
799       2.009435 1.692348 2.326521 1.5244923 2.494377
800       2.009704 1.681998 2.337410 1.5085214 2.510887
801       2.009755 1.672017 2.347494 1.4932290 2.526282
802       2.009636 1.662302 2.356971 1.4784337 2.540839
803       2.009402 1.652785 2.366019 1.4640037 2.554801
804       2.009107 1.643429 2.374785 1.4498508 2.568363
805       2.008798 1.634214 2.383381 1.4359221 2.581674
806       2.008511 1.625138 2.391885 1.4221922 2.594831
807       2.008273 1.616204 2.400343 1.4086553 2.607892
808       2.008098 1.607423 2.408773 1.3953180 2.620877
809       2.007988 1.598802 2.417173 1.3821926 2.633782
810       2.007939 1.590351 2.425527 1.3692929 2.646585
811       2.007942 1.582072 2.433811 1.3566299 2.659253
812       2.007983 1.573965 2.442000 1.3442102 2.671756
813       2.008049 1.566027 2.450070 1.3320347 2.684062
814       2.008125 1.558249 2.458002 1.3200990 2.696152
815       2.008202 1.550622 2.465782 1.3083942 2.708011
816       2.008271 1.543136 2.473407 1.2969082 2.719634
817       2.008326 1.535779 2.480874 1.2856269 2.731026
818       2.008365 1.528540 2.488191 1.2745357 2.742195
819       2.008388 1.521411 2.495365 1.2636204 2.753155
820       2.008395 1.514383 2.502408 1.2528680 2.763923
821       2.008391 1.507450 2.509333 1.2422671 2.774515
822       2.008378 1.500606 2.516150 1.2318081 2.784948
823       2.008360 1.493849 2.522872 1.2214833 2.795238
824       2.008341 1.487175 2.529507 1.2112863 2.805395
825       2.008322 1.480581 2.536062 1.2012124 2.815431
826       2.008305 1.474067 2.542544 1.1912576 2.825353
827       2.008293 1.467629 2.548957 1.1814186 2.835167
828       2.008284 1.461266 2.555302 1.1716925 2.844876
829       2.008280 1.454977 2.561583 1.1620768 2.854483
830       2.008279 1.448760 2.567798 1.1525688 2.863990
831       2.008281 1.442612 2.573950 1.1431656 2.873397
832       2.008285 1.436532 2.580037 1.1338646 2.882705
833       2.008290 1.430517 2.586062 1.1246628 2.891916
834       2.008295 1.424565 2.592024 1.1155572 2.901032
835       2.008299 1.418674 2.597925 1.1065448 2.910054
836       2.008303 1.412841 2.603765 1.0976225 2.918983
837       2.008306 1.407065 2.609547 1.0887875 2.927824
838       2.008308 1.401344 2.615271 1.0800371 2.936578
839       2.008308 1.395676 2.620941 1.0713685 2.945248
840       2.008308 1.390060 2.626557 1.0627793 2.953837
841       2.008308 1.384494 2.632121 1.0542672 2.962348
842       2.008307 1.378977 2.637636 1.0458301 2.970783
843       2.008305 1.373508 2.643103 1.0374660 2.979145
844       2.008304 1.368085 2.648524 1.0291731 2.987435
845       2.008303 1.362707 2.653899 1.0209495 2.995657
846       2.008302 1.357374 2.659230 1.0127937 3.003811
847       2.008302 1.352084 2.664519 1.0047041 3.011899
848       2.008301 1.346837 2.669765 0.9966791 3.019923
849       2.008301 1.341631 2.674971 0.9887172 3.027885
850       2.008301 1.336465 2.680137 0.9808171 3.035785
851       2.008301 1.331339 2.685263 0.9729773 3.043625
852       2.008302 1.326252 2.690351 0.9651965 3.051407
853       2.008302 1.321202 2.695402 0.9574734 3.059130
854       2.008302 1.316189 2.700415 0.9498068 3.066798
855       2.008303 1.311212 2.705393 0.9421953 3.074410
856       2.008303 1.306271 2.710334 0.9346378 3.081968
857       2.008303 1.301364 2.715242 0.9271331 3.089473
858       2.008303 1.296491 2.720115 0.9196802 3.096926
859       2.008303 1.291651 2.724955 0.9122780 3.104328
860       2.008303 1.286843 2.729763 0.9049254 3.111680
861       2.008303 1.282067 2.734538 0.8976214 3.118984
862       2.008303 1.277323 2.739283 0.8903652 3.126240
863       2.008303 1.272609 2.743997 0.8831557 3.133450
864       2.008303 1.267925 2.748681 0.8759921 3.140613
865       2.008303 1.263270 2.753335 0.8688736 3.147732
866       2.008303 1.258644 2.757961 0.8617992 3.154806
867       2.008302 1.254047 2.762558 0.8547682 3.161837
868       2.008302 1.249478 2.767127 0.8477798 3.168825
869       2.008302 1.244935 2.771670 0.8408333 3.175772
870       2.008302 1.240420 2.776185 0.8339278 3.182677
871       2.008302 1.235931 2.780674 0.8270628 3.189542
872       2.008303 1.231468 2.785137 0.8202373 3.196368
873       2.008303 1.227031 2.789574 0.8134509 3.203154
874       2.008303 1.222619 2.793986 0.8067028 3.209902
875       2.008303 1.218231 2.798374 0.7999924 3.216613
876       2.008303 1.213868 2.802738 0.7933191 3.223286
877       2.008303 1.209528 2.807077 0.7866822 3.229923
878       2.008303 1.205212 2.811393 0.7800812 3.236524
879       2.008303 1.200919 2.815686 0.7735155 3.243090
880       2.008303 1.196648 2.819957 0.7669845 3.249621
881       2.008303 1.192400 2.824205 0.7604876 3.256117
882       2.008303 1.188174 2.828431 0.7540245 3.262581
883       2.008303 1.183970 2.832635 0.7475944 3.269011
    Point Forecast    Lo 80    Hi 80     Lo 95    Hi 95
784       2.024060 1.977384 2.070736 1.9526754 2.095445
785       2.019277 1.951559 2.086996 1.9157109 2.122844
786       2.014490 1.927532 2.101448 1.8814995 2.147481
787       2.010219 1.903549 2.116889 1.8470814 2.173356
788       2.006798 1.879467 2.134130 1.8120617 2.201535
789       2.004388 1.855668 2.153109 1.7769401 2.231836
790       2.003000 1.832676 2.173323 1.7425116 2.263487
791       2.002530 1.810961 2.194099 1.7095500 2.295509
792       2.002802 1.790846 2.214757 1.6786432 2.326960
793       2.003602 1.772481 2.234724 1.6501328 2.357072
794       2.004714 1.755856 2.253572 1.6241187 2.385310
795       2.005939 1.740839 2.271039 1.6005035 2.411375
796       2.007117 1.727221 2.287013 1.5790527 2.435181
797       2.008131 1.714758 2.301505 1.5594553 2.456807
798       2.008913 1.703207 2.314619 1.5413757 2.476450
799       2.009435 1.692348 2.326521 1.5244923 2.494377
800       2.009704 1.681998 2.337410 1.5085214 2.510887
801       2.009755 1.672017 2.347494 1.4932290 2.526282
802       2.009636 1.662302 2.356971 1.4784337 2.540839
803       2.009402 1.652785 2.366019 1.4640037 2.554801
804       2.009107 1.643429 2.374785 1.4498508 2.568363
805       2.008798 1.634214 2.383381 1.4359221 2.581674
806       2.008511 1.625138 2.391885 1.4221922 2.594831
807       2.008273 1.616204 2.400343 1.4086553 2.607892
808       2.008098 1.607423 2.408773 1.3953180 2.620877
809       2.007988 1.598802 2.417173 1.3821926 2.633782
810       2.007939 1.590351 2.425527 1.3692929 2.646585
811       2.007942 1.582072 2.433811 1.3566299 2.659253
812       2.007983 1.573965 2.442000 1.3442102 2.671756
813       2.008049 1.566027 2.450070 1.3320347 2.684062
814       2.008125 1.558249 2.458002 1.3200990 2.696152
815       2.008202 1.550622 2.465782 1.3083942 2.708011
816       2.008271 1.543136 2.473407 1.2969082 2.719634
817       2.008326 1.535779 2.480874 1.2856269 2.731026
818       2.008365 1.528540 2.488191 1.2745357 2.742195
819       2.008388 1.521411 2.495365 1.2636204 2.753155
820       2.008395 1.514383 2.502408 1.2528680 2.763923
821       2.008391 1.507450 2.509333 1.2422671 2.774515
822       2.008378 1.500606 2.516150 1.2318081 2.784948
823       2.008360 1.493849 2.522872 1.2214833 2.795238
824       2.008341 1.487175 2.529507 1.2112863 2.805395
825       2.008322 1.480581 2.536062 1.2012124 2.815431
826       2.008305 1.474067 2.542544 1.1912576 2.825353
827       2.008293 1.467629 2.548957 1.1814186 2.835167
828       2.008284 1.461266 2.555302 1.1716925 2.844876
829       2.008280 1.454977 2.561583 1.1620768 2.854483
830       2.008279 1.448760 2.567798 1.1525688 2.863990
831       2.008281 1.442612 2.573950 1.1431656 2.873397
832       2.008285 1.436532 2.580037 1.1338646 2.882705
833       2.008290 1.430517 2.586062 1.1246628 2.891916
834       2.008295 1.424565 2.592024 1.1155572 2.901032
835       2.008299 1.418674 2.597925 1.1065448 2.910054
836       2.008303 1.412841 2.603765 1.0976225 2.918983
837       2.008306 1.407065 2.609547 1.0887875 2.927824
838       2.008308 1.401344 2.615271 1.0800371 2.936578
839       2.008308 1.395676 2.620941 1.0713685 2.945248
840       2.008308 1.390060 2.626557 1.0627793 2.953837
841       2.008308 1.384494 2.632121 1.0542672 2.962348
842       2.008307 1.378977 2.637636 1.0458301 2.970783
843       2.008305 1.373508 2.643103 1.0374660 2.979145
844       2.008304 1.368085 2.648524 1.0291731 2.987435
845       2.008303 1.362707 2.653899 1.0209495 2.995657
846       2.008302 1.357374 2.659230 1.0127937 3.003811
847       2.008302 1.352084 2.664519 1.0047041 3.011899
848       2.008301 1.346837 2.669765 0.9966791 3.019923
849       2.008301 1.341631 2.674971 0.9887172 3.027885
850       2.008301 1.336465 2.680137 0.9808171 3.035785
851       2.008301 1.331339 2.685263 0.9729773 3.043625
852       2.008302 1.326252 2.690351 0.9651965 3.051407
853       2.008302 1.321202 2.695402 0.9574734 3.059130
854       2.008302 1.316189 2.700415 0.9498068 3.066798
855       2.008303 1.311212 2.705393 0.9421953 3.074410
856       2.008303 1.306271 2.710334 0.9346378 3.081968
857       2.008303 1.301364 2.715242 0.9271331 3.089473
858       2.008303 1.296491 2.720115 0.9196802 3.096926
859       2.008303 1.291651 2.724955 0.9122780 3.104328
860       2.008303 1.286843 2.729763 0.9049254 3.111680
861       2.008303 1.282067 2.734538 0.8976214 3.118984
862       2.008303 1.277323 2.739283 0.8903652 3.126240
863       2.008303 1.272609 2.743997 0.8831557 3.133450
864       2.008303 1.267925 2.748681 0.8759921 3.140613
865       2.008303 1.263270 2.753335 0.8688736 3.147732
866       2.008303 1.258644 2.757961 0.8617992 3.154806
867       2.008302 1.254047 2.762558 0.8547682 3.161837
868       2.008302 1.249478 2.767127 0.8477798 3.168825
869       2.008302 1.244935 2.771670 0.8408333 3.175772
870       2.008302 1.240420 2.776185 0.8339278 3.182677
871       2.008302 1.235931 2.780674 0.8270628 3.189542
872       2.008303 1.231468 2.785137 0.8202373 3.196368
873       2.008303 1.227031 2.789574 0.8134509 3.203154
874       2.008303 1.222619 2.793986 0.8067028 3.209902
875       2.008303 1.218231 2.798374 0.7999924 3.216613
876       2.008303 1.213868 2.802738 0.7933191 3.223286
877       2.008303 1.209528 2.807077 0.7866822 3.229923
878       2.008303 1.205212 2.811393 0.7800812 3.236524
879       2.008303 1.200919 2.815686 0.7735155 3.243090
880       2.008303 1.196648 2.819957 0.7669845 3.249621
881       2.008303 1.192400 2.824205 0.7604876 3.256117
882       2.008303 1.188174 2.828431 0.7540245 3.262581
883       2.008303 1.183970 2.832635 0.7475944 3.269011
